Puzzle Name: A Little 9x9 Warmup 

Start: [ [0, 1, 0, 0, 4, 6, 0, 0, 0],
         [6, 0, 0, 3, 0, 0, 0, 0, 0],
         [3, 4, 8, 7, 2, 0, 0, 6, 9],
         [0, 0, 1, 0, 0, 0, 0, 8, 0],
         [4, 0, 7, 0, 0, 0, 3, 0, 5],
         [0, 6, 0, 0, 0, 0, 7, 0, 0],
         [7, 3, 0, 0, 8, 2, 9, 1, 4],
         [0, 0, 0, 0, 0, 7, 0, 0, 8],
         [0, 0, 0, 4, 1, 0, 0, 7, 0] ] 

Solu.: [ [2, 1, 9, 8, 4, 6, 5, 3, 7],
         [6, 7, 5, 3, 9, 1, 8, 4, 2],
         [3, 4, 8, 7, 2, 5, 1, 6, 9],
         [9, 5, 1, 2, 7, 3, 4, 8, 6],
         [4, 2, 7, 1, 6, 8, 3, 9, 5],
         [8, 6, 3, 9, 5, 4, 7, 2, 1],
         [7, 3, 6, 5, 8, 2, 9, 1, 4],
         [1, 9, 4, 6, 3, 7, 2, 5, 8],
         [5, 8, 2, 4, 1, 9, 6, 7, 3] ]
 

Text: Not much to it. Find the magic numbers, and move on.

Hint: Uhm, just do the Sudoku puzzle!?
 
Answer: Correct submitted solution. 
